image_width: 1280
image_height: 960
camera_name: camera
camera_matrix:
  rows: 3
  cols: 3
  data: [1391.671628, 0.000000, 689.577707, 0.000000, 1397.610295, 466.641539, 0.000000, 0.000000, 1.000000]
distortion_coefficients:
  rows: 1
  cols: 5
  data: [-0.286731, 0.226321, 0.000385, 0.002377, 0.000000]
rectification_matrix:
  rows: 3
  cols: 3
  data: [0.999879, 0.002998, -0.015270, -0.003020, 0.999994, -0.001387, 0.015265, 0.001433, 0.999882]
projection_matrix:
  rows: 3
  cols: 4
  data: [1402.983274, 0.000000, 683.596779, 0.000000, 0.000000, 1402.983274, 470.551552, 0.000000, 0.000000, 0.000000, 1.000000, 0.000000]
