image_width: 1280
image_height: 960
camera_name: camera
camera_matrix:
  rows: 3
  cols: 3
  data: [1403.239692, 0.000000, 613.824062, 0.000000, 1410.285621, 473.170228, 0.000000, 0.000000, 1.000000]
distortion_coefficients:
  rows: 1
  cols: 5
  data: [-0.276465, 0.219502, 0.001443, -0.001167, 0.000000]
rectification_matrix:
  rows: 3
  cols: 3
  data: [0.999730, 0.002105, -0.023125, -0.002072, 0.999997, 0.001434, 0.023128, -0.001386, 0.999732]
projection_matrix:
  rows: 3
  cols: 4
  data: [1402.983274, 0.000000, 683.596779, -165.799351, 0.000000, 1402.983274, 470.551552, 0.000000, 0.000000, 0.000000, 1.000000, 0.000000]