image_width: 1280
image_height: 960
camera_name: camera
camera_matrix:
  rows: 3
  cols: 3
  data: [1387.007492, 0.000000, 648.261074, 0.000000, 1390.439501, 463.189357, 0.000000, 0.000000, 1.000000]
distortion_coefficients:
  rows: 1
  cols: 5
  data: [-0.254914, 0.149064, -0.001115, -0.000208, 0.000000]
rectification_matrix:
  rows: 3
  cols: 3
  data: [0.999986, -0.000394, 0.005277, 0.000399, 1.000000, -0.000881, -0.005277, 0.000883, 0.999986]
projection_matrix:
  rows: 3
  cols: 4
  data: [1382.361307, 0.000000, 620.634529, -163.238838, 0.000000, 1382.361307, 469.152523, 0.000000, 0.000000, 0.000000, 1.000000, 0.000000]
