image_width: 1280
image_height: 960
camera_name: camera
camera_matrix:
  rows: 3
  cols: 3
  data: [1400.041965, 0.000000, 679.365886, 0.000000, 1403.262971, 483.358636, 0.000000, 0.000000, 1.000000]
distortion_coefficients:
  rows: 1
  cols: 5
  data: [-0.269983, 0.155653, -0.000493, 0.000249, 0.000000]
rectification_matrix:
  rows: 3
  cols: 3
  data: [1.000000, 0.000000, 0.000000, 0.000000, 1.000000, 0.000000, 0.000000, 0.000000, 1.000000]
projection_matrix:
  rows: 3
  cols: 4
  data: [1321.711914, 0.000000, 683.332254, 0.000000, 0.000000, 1357.701660, 482.791426, 0.000000, 0.000000, 0.000000, 1.000000, 0.000000]
