image_width: 1280
image_height: 960
camera_name: camera
camera_matrix:
  rows: 3
  cols: 3
  data: [1405.875713, 0.000000, 613.385048, 0.000000, 1411.620337, 477.101767, 0.000000, 0.000000, 1.000000]
distortion_coefficients:
  rows: 1
  cols: 5
  data: [-0.264187, 0.150232, 0.001249, -0.000404, 0.000000]
rectification_matrix:
  rows: 3
  cols: 3
  data: [1.000000, 0.000000, 0.000000, 0.000000, 1.000000, 0.000000, 0.000000, 0.000000, 1.000000]
projection_matrix:
  rows: 3
  cols: 4
  data: [1329.858032, 0.000000, 609.685370, 0.000000, 0.000000, 1367.414551, 477.117901, 0.000000, 0.000000, 0.000000, 1.000000, 0.000000]

