image_width: 1280
image_height: 960
camera_name: camera
camera_matrix:
  rows: 3
  cols: 3
  data: [1404.651084, 0.000000, 618.077783, 0.000000, 1408.350857, 476.903097, 0.000000, 0.000000, 1.000000]
distortion_coefficients:
  rows: 1
  cols: 5
  data: [-0.267979, 0.164568, 0.000009, -0.001099, 0.000000]
rectification_matrix:
  rows: 3
  cols: 3
  data: [0.999960, 0.000455, 0.008946, -0.000463, 1.000000, 0.000880, -0.008946, -0.000884, 0.999960]
projection_matrix:
  rows: 3
  cols: 4
  data: [1382.361307, 0.000000, 620.634529, 0.000000, 0.000000, 1382.361307, 469.152523, 0.000000, 0.000000, 0.000000, 1.000000, 0.000000]