image_width: 1280
image_height: 960
camera_name: camera
camera_matrix:
  rows: 3
  cols: 3
  data: [1386.683693, 0.000000, 640.921734, 0.000000, 1392.721876, 465.014110, 0.000000, 0.000000, 1.000000]
distortion_coefficients:
  rows: 1
  cols: 5
  data: [-0.242481, 0.084864, -0.000812, -0.000909, 0.000000]
rectification_matrix:
  rows: 3
  cols: 3
  data: [1.000000, 0.000000, 0.000000, 0.000000, 1.000000, 0.000000, 0.000000, 0.000000, 1.000000]
projection_matrix:
  rows: 3
  cols: 4
  data: [1312.391479, 0.000000, 639.526189, 0.000000, 0.000000, 1350.406982, 463.166205, 0.000000, 0.000000, 0.000000, 1.000000, 0.000000]
