image_width: 1280
image_height: 960
camera_name: camera
camera_matrix:
  rows: 3
  cols: 3
  data: [1388.918758, 0.000000, 653.196566, 0.000000, 1391.973158, 463.713372, 0.000000, 0.000000, 1.000000]
distortion_coefficients:
  rows: 1
  cols: 5
  data: [-0.261373, 0.174216, -0.001038, -0.000978, 0.000000]
rectification_matrix:
  rows: 3
  cols: 3
  data: [0.999732, 0.001494, -0.023121, -0.001378, 0.999986, 0.005062, 0.023129, -0.005028, 0.999720]
projection_matrix:
  rows: 3
  cols: 4
  data: [1363.699278, 0.000000, 706.479652, -322.573742, 0.000000, 1363.699278, 459.504986, 0.000000, 0.000000, 0.000000, 1.000000, 0.000000]