image_width: 1280
image_height: 960
camera_name: camera
camera_matrix:
  rows: 3
  cols: 3
  data: [1386.053420, 0.000000, 692.244491, 0.000000, 1392.132788, 457.927375, 0.000000, 0.000000, 1.000000]
distortion_coefficients:
  rows: 1
  cols: 5
  data: [-0.271810, 0.165748, -0.000061, 0.001217, 0.000000]
rectification_matrix:
  rows: 3
  cols: 3
  data: [0.999867, 0.003165, -0.015985, -0.003246, 0.999982, -0.005020, 0.015969, 0.005071, 0.999860]
projection_matrix:
  rows: 3
  cols: 4
  data: [1363.699278, 0.000000, 706.479652, 0.000000, 0.000000, 1363.699278, 459.504986, 0.000000, 0.000000, 0.000000, 1.000000, 0.000000]