image_width: 1024
image_height: 768
camera_name: camera
camera_matrix:
  rows: 3
  cols: 3
  data: [554.831156, 0.000000, 495.952096, 0.000000, 555.837734, 381.792223, 0.000000, 0.000000, 1.000000]
distortion_coefficients:
  rows: 1
  cols: 5
  data: [-0.317070, 0.077327, 0.004377, 0.000033, 0.000000]
rectification_matrix:
  rows: 3
  cols: 3
  data: [0.971863, -0.004326, -0.235509, 0.004262, 0.999991, -0.000781, 0.235510, -0.000244, 0.971872]
projection_matrix:
  rows: 3
  cols: 4
  data: [520.066585, 0.000000, 755.716766, 0.000000, 0.000000, 520.066585, 395.018103, 0.000000, 0.000000, 0.000000, 1.000000, 0.000000]
