image_width: 1280
image_height: 960
camera_name: camera
camera_matrix:
  rows: 3
  cols: 3
  data: [1397.83960594, 0, 678.04737043, 0, 1401.94024920, 465.79420893, 0, 0, 1]
distortion_coefficients:
  rows: 1
  cols: 5
  data: [-0.26791570, 0.18620720, -0.00126409, -0.00024366, 0]
rectification_matrix:
  rows: 3
  cols: 3
  data: [1, 0, 0, 0, 1, 0, 0, 0, 1]
projection_matrix:
  rows: 3
  cols: 4
  data: [1397.83960594, 0, 678.04737043, 0, 0, 1401.94024920, 465.79420893, 0, 0, 0, 1, 0]
