image_width: 1280
image_height: 960
camera_name: camera
camera_matrix:
  rows: 3
  cols: 3
  data: [1403.882943803675700, 0, 616.238499749930610, 0, 1407.482157830063400, 479.792602354303430, 0, 0, 1]
distortion_coefficients:
  rows: 1
  cols: 5
  data: [-0.273139587484678, 0.216093918966729, -0.000214253361360, -0.001770247078481, 0]
rectification_matrix:
  rows: 3
  cols: 3
  data: [1, 0, 0, 0, 1, 0, 0, 0, 1]
projection_matrix:
  rows: 3
  cols: 4
  data: [1403.882943803675700, 0, 616.238499749930610, 0, 0, 1407.482157830063400, 479.792602354303430, 0, 0, 0, 1, 0]
