image_width: 1024
image_height: 768
camera_name: camera
camera_matrix:
  rows: 3
  cols: 3
  data: [571.378982, 0.000000, 488.334200, 0.000000, 576.519464, 382.293901, 0.000000, 0.000000, 1.000000]
distortion_coefficients:
  rows: 1
  cols: 5
  data: [-0.302421, 0.064586, 0.007334, 0.000901, 0.000000]
rectification_matrix:
  rows: 3
  cols: 3
  data: [0.964221, -0.002824, -0.265086, 0.002896, 0.999996, -0.000118, 0.265086, -0.000654, 0.964225]
projection_matrix:
  rows: 3
  cols: 4
  data: [520.066585, 0.000000, 755.716766, -65.376181, 0.000000, 520.066585, 395.018103, 0.000000, 0.000000, 0.000000, 1.000000, 0.000000]