image_width: 1280
image_height: 960
camera_name: camera
camera_matrix:
  rows: 3
  cols: 3
  data: [1390.263124875747300, 0, 651.304155651528390, 0, 1393.843084725521700, 466.979904033096430, 0, 0, 1]
distortion_coefficients:
  rows: 1
  cols: 5
  data: [-0.267429215009800, 0.184371635358017, -0.000757018835463, -0.001213951456772, 0]
rectification_matrix:
  rows: 3
  cols: 3
  data: [1, 0, 0, 0, 1, 0, 0, 0, 1]
projection_matrix:
  rows: 3
  cols: 4
  data: [1390.263124875747300, 0, 651.304155651528390, 0, 0, 1393.843084725521700, 466.979904033096430, 0, 0, 0, 1, 0]