image_width: 1280
image_height: 960
camera_name: camera
camera_matrix:
  rows: 3
  cols: 3
  data: [1046.101532, 0.000000, 663.665022, 0.000000, 1047.366351, 470.104742, 0.000000, 0.000000, 1.000000]
distortion_coefficients:
  rows: 1
  cols: 5
  data: [-0.347344, 0.139529, 0.000428, -0.000211, 0.000000]
rectification_matrix:
  rows: 3
  cols: 3
  data: [0.999827, 0.000648, -0.018594, -0.000582, 0.999993, 0.003559, 0.018596, -0.003547, 0.999821]
projection_matrix:
  rows: 3
  cols: 4
  data: [980.030879, 0.000000, 704.604340, -233.904516, 0.000000, 980.030879, 471.424934, 0.000000, 0.000000, 0.000000, 1.000000, 0.000000]