image_width: 1280
image_height: 960
camera_name: camera
camera_matrix:
  rows: 3
  cols: 3
  data: [1047.239644, 0.000000, 686.830575, 0.000000, 1049.147779, 471.693639, 0.000000, 0.000000, 1.000000]
distortion_coefficients:
  rows: 1
  cols: 5
  data: [-0.353110, 0.158493, 0.000952, -0.000654, 0.000000]
rectification_matrix:
  rows: 3
  cols: 3
  data: [0.999777, 0.002042, -0.021034, -0.002117, 0.999992, -0.003531, 0.021027, 0.003575, 0.999773]
projection_matrix:
  rows: 3
  cols: 4
  data: [980.030879, 0.000000, 704.604340, 0.000000, 0.000000, 980.030879, 471.424934, 0.000000, 0.000000, 0.000000, 1.000000, 0.000000]